# Mathematics Library

pi = 3.14159265;
e = 2.718281828459045;